function [f,g,H] = kunalkam_hw9_p2(x)
    x1 = x(1);
    x2 = x(2);
    f = (1-x1)^2 + 100*((x2-(x1*x1))^2);
    g1 = (400*(x1^3))-(400*x2*x1)+(2*x1)-2;
    g2 = (200*x2)-(200*x1*x1);
    g = [g1;g2];
    H1 = 2+(1200*x1*x1)-(400*x2);
    H2 = -400*x1;
    H3 = H2;
    H4 = 200;
    H = [H1,H2;H3,H4];
end